#Det 0
1      3.484562E-13      9.420721E-04      2.011839E-01
2      3.938310E-13      9.289277E-04      2.838149E-01
3      2.467247E-10      6.550244E-04      -2.426433E+01
4      4.184316E-13      1.239054E-03      1.566101E-01
5      7.210028E-13      9.604530E-04      3.186690E-01
6      5.178451E-13      9.287076E-04      2.980408E-01
7      4.903054E-13      8.518565E-04      6.225093E-01
#Det 1
8      1.952738E-12      1.759831E-03      3.149604E-01
9      4.847816E-13      8.381360E-04      2.675793E-01
10      0.000000E+00      0.000000E+00      0.000000E+00
11      8.682791E-12      2.681902E-03      6.885036E-01
12      1.481928E-12      1.546303E-03      3.850369E-01
13      4.681134E-13      9.274679E-04      1.948423E-01
14      1.481280E-12      1.555662E-03      3.935054E-01
#Det 2
15      2.521381E-12      2.259493E-03      2.487568E-01
16      -6.811851E-13      1.661840E-03      -3.539750E-01
17      2.518421E-12      2.346721E-03      3.017876E-01
18      0.000000E+00      0.000000E+00      0.000000E+00
19      0.000000E+00      0.000000E+00      0.000000E+00
20      0.000000E+00      0.000000E+00      0.000000E+00
21      0.000000E+00      0.000000E+00      0.000000E+00
#Det 3
22      0.000000E+00      0.000000E+00      0.000000E+00
23      0.000000E+00      0.000000E+00      0.000000E+00
24      0.000000E+00      0.000000E+00      0.000000E+00
25      0.000000E+00      0.000000E+00      0.000000E+00
26      0.000000E+00      0.000000E+00      0.000000E+00
27      0.000000E+00      0.000000E+00      0.000000E+00
28      0.000000E+00      0.000000E+00      0.000000E+00
#Det 4
29      0.000000E+00      0.000000E+00      0.000000E+00
30      0.000000E+00      0.000000E+00      0.000000E+00
31      0.000000E+00      0.000000E+00      0.000000E+00
32      0.000000E+00      0.000000E+00      0.000000E+00
33      0.000000E+00      0.000000E+00      0.000000E+00
34      0.000000E+00      0.000000E+00      0.000000E+00
35      0.000000E+00      0.000000E+00      0.000000E+00
#Det 5
36      3.112984E-12      2.306606E-03      3.481597E-01
37      0.000000E+00      0.000000E+00      0.000000E+00
38      0.000000E+00      0.000000E+00      0.000000E+00
39      0.000000E+00      0.000000E+00      0.000000E+00
40      0.000000E+00      0.000000E+00      0.000000E+00
41      0.000000E+00      0.000000E+00      0.000000E+00
42      0.000000E+00      0.000000E+00      0.000000E+00
#Det 6
43      3.651359E-12      1.674189E-03      5.866967E-01
44      3.515924E-13      1.668292E-03      5.424573E-02
45      4.333476E-12      1.793816E-03      5.247872E-01
46      0.000000E+00      0.000000E+00      0.000000E+00
47      0.000000E+00      0.000000E+00      0.000000E+00
48      0.000000E+00      0.000000E+00      0.000000E+00
49      0.000000E+00      0.000000E+00      0.000000E+00
#Det 7
50      0.000000E+00      0.000000E+00      0.000000E+00
51      2.885366E-12      1.780150E-03      3.711426E-01
52      3.001033E-12      1.829946E-03      4.035792E-01
53      0.000000E+00      0.000000E+00      0.000000E+00
54      0.000000E+00      0.000000E+00      0.000000E+00
55      0.000000E+00      0.000000E+00      0.000000E+00
56      0.000000E+00      0.000000E+00      0.000000E+00
#Det 8
57      0.000000E+00      0.000000E+00      0.000000E+00
58      0.000000E+00      0.000000E+00      0.000000E+00
59      0.000000E+00      0.000000E+00      0.000000E+00
60      0.000000E+00      0.000000E+00      0.000000E+00
61      0.000000E+00      0.000000E+00      0.000000E+00
62      0.000000E+00      0.000000E+00      0.000000E+00
63      0.000000E+00      0.000000E+00      0.000000E+00
#Det 9
64      2.143421E-12      2.375675E-03      4.415195E-01
65      0.000000E+00      0.000000E+00      0.000000E+00
66      8.511742E-13      1.895508E-03      -8.202848E-03
67      0.000000E+00      0.000000E+00      0.000000E+00
68      0.000000E+00      0.000000E+00      0.000000E+00
69      0.000000E+00      0.000000E+00      0.000000E+00
70      0.000000E+00      0.000000E+00      0.000000E+00
