#X4 vs AoQ gate
#0 Pt-204 - MAYBE ALSO CONTAINS IRIDIUM? merge_os_charge1.root
2.64489 -52.6777
2.63953 -40.6786
2.6386 -11.4127
2.63994 3.51296
2.6493 -2.34023
2.65466 -30.1429
2.65238 -42.7273
2.64489 -52.6777
#1 Ir-201 merge_os_charge1.root
2.63646 -105.649
2.6311 -93.65
2.63017 -64.3841
2.63311 -56.4823
2.64301 -55.6043
2.64623 -83.1143
2.64395 -95.6986
2.63646 -105.649
#2 Ir-202 merge_os_charge1.root
2.65118 -92.4794
2.64676 -81.3583
2.64355 -53.5557
2.64676 -46.5318
2.65774 -42.4346
2.66242 -69.9446
2.65867 -82.529
2.65118 -92.4794
#3 Ir-203 merge_os_charge1.root
2.6651 -76.0904
2.66068 -64.9694
2.65747 -37.1667
2.66068 -30.1429
2.67165 -26.0457
2.67634 -53.5557
2.67259 -66.14
2.6651 -76.0904
#4 Pt-205 ? merge_os_charge1.root
2.6584 -34.8254
2.65399 -23.7044
2.65078 4.09828
2.65519 7.90285
2.66349 6.73221
2.66965 -12.2907
2.6651 -31.3135
2.6584 -34.8254
#5 Os? merge_os_charge1.root
2.65613 -100.089
2.64917 -94.8207
2.64971 -89.8454
2.65934 -83.1143
2.66148 -81.3583
2.66255 -79.3097
2.66162 -97.1619
2.65613 -100.089
#6 Os2?
2.66884 -96.5074
2.66746 -90.6863
2.67481 -70.1593
2.6807 -71.3848
2.682 -84.8652
2.67845 -95.2819
2.67109 -99.5711
2.66884 -96.5074
#7 Small blob above Pt-204
2.64781 5.20833
2.64781 11.0294
2.65188 23.8971
2.65491 26.348
2.66096 16.8505
2.65742 6.43382
2.65006 2.14461
2.64781 5.20833