#dE vs Z gates
#1
73.2229 64.5364
75.4772 67.2436
78.7707 73.6181
78.4474 74.6347
76.7032 72.9588
75.5266 71.5408
72.976 65.5247
73.2229 64.5364
#2
73.2229 64.5364
75.5265 67.5556
79.2697 74.6162
78.4474 74.6347
76.7032 72.9588
75.5266 71.5408
72.9106 65.1159
73.2229 64.5364
#3
75.234 66.4097
77.0668 68.1471
77.5229 69.2561
78.6674 71.1044
77.9876 71.5849
76.9378 70.1063
75.3803 67.112
75.234 66.4097
#4
70.4323 62.8609
72.9536 66.2988
74.7779 69.8475
75.5868 71.7328
74.0723 71.3262
73.1429 70.1802
72.0329 67.2229
70.4323 62.8609
#5
69.9074 62.6022
73.5474 64.2656
78.9341 70.0324
78.6674 72.4721
79.4763 74.5053
78.1081 75.1707
73.2204 70.8456
69.9074 62.6022
#6
69.9074 62.6022
73.5474 64.2656
78.9341 70.0324
78.6674 72.4721
79.4763 74.5053
78.1081 75.1707
73.2204 70.8456
69.9074 62.6022
#7
69.9074 62.6022
73.5474 64.2656
78.9341 70.0324
78.6674 72.4721
79.4763 74.5053
78.1081 75.1707
73.2204 70.8456
69.9074 62.6022
#8
69.9074 62.6022
73.5474 64.2656
78.9341 70.0324
78.6674 72.4721
79.4763 74.5053
78.1081 75.1707
73.2204 70.8456
69.9074 62.6022
