#dE vs BRho gates
#1
   74.8068 67.2952
   77.5194 71.9697
   79.1626 75.5571
   78.8757 76.608
   77.1542 73.4192
   74.3764 68.1287
   74.5981 67.5851
   74.8068 67.2952
#2
   75.2763 67.9475
   78.028 70.3753
   79.9581 72.9481
   79.28 73.9265
   77.6628 71.8248
   75.198 68.2736
   75.0546 67.9475
   75.2763 67.9475
#3
   74.5329 67.3315
   77.4542 71.6074
   80.6102 76.9341
   78.5105 76.4631
   76.6717 74.6875
   76.5152 72.8756
   74.1417 67.9837
   74.5329 67.3315
#4
   72.0551 65.737
   74.9763 70.013
   76.5413 73.8903
   76.0327 74.8687
   74.1938 73.0931
   74.0374 71.2812
   71.6638 66.3893
   72.0551 65.737
#5
   72.0551 65.737
   74.9763 70.013
   78.2758 76.1369
   76.0327 74.8687
   74.1938 73.0931
   74.0374 71.2812
   71.6638 66.3893
   72.0551 65.737
#6
   72.0618 65.3292
   75.2075 67.6846
   79.9712 72.622
   80.4406 77.8038
   77.5585 77.0791
   74.5382 73.7361
   72.0116 67.1773
   72.0618 65.3292
#7
   72.0618 65.3292
   75.2075 67.6846
   79.9712 72.622
   80.4406 77.8038
   77.5585 77.0791
   74.5382 73.7361
   72.0116 67.1773
   72.0618 65.3292
#8
   72.0618 65.3292
   75.2075 67.6846
   79.9712 72.622
   80.4406 77.8038
   77.5585 77.0791
   74.5382 73.7361
   72.0116 67.1773
   72.0618 65.3292
