#X4 vs AoQ gate 
#0 Re-193 merge_os_charge1.root
2.56689 89.2622
2.57459 88.0916
2.57216 67.6054
2.56366 60.2889
2.55892 67.8981
2.55731 81.9457
2.5601 89.2622
2.56689 89.2622
#1 W-190 merge_os_charge1.root
2.55913 61.1669
2.5658 50.0458
2.56544 21.9505
2.55786 14.3414
2.55312 15.8047
2.54991 39.2174
2.55285 60.5816
2.55913 61.1669
#2 W-191 merge_os_charge1.root
2.57472 70.2393
2.58144 59.1183
2.58016 34.2422
2.57451 25.7551
2.56843 28.389
2.56555 48.2899
2.56896 62.9228
2.57472 70.2393
#3 W-192 merge_os_charge1.root
2.59029 81.6531
2.59701 70.532
2.59573 45.6559
2.59008 37.1688
2.584 39.8027
2.58112 59.7036
2.58453 74.3366
2.59029 81.6531
#4 W-193 merge_os_charge1.root
2.60725 94.8227
2.61397 83.7017
2.61269 58.8256
2.60736 52.3871
2.60096 52.9724
2.59808 72.8733
2.60149 87.5062
2.60725 94.8227
#5 Ta-188 merge_os_charge1.root
2.56917 20.1946
2.5744 10.5368
2.57451 -12.876
2.56885 -19.8998
2.56373 -17.5585
2.55957 0.586361
2.56299 15.2193
2.56917 20.1946
#6 Ta-189 merge_os_charge1.root
2.58219 37.1688
2.58784 25.1698
2.58944 -0.291618
2.58229 -5.26683
2.57717 -2.92555
2.57301 15.2193
2.57643 29.8523
2.58219 37.1688
#7 Ta-190 merge_os_charge1.root
2.59573 44.778
2.60096 35.1202
2.60107 11.7074
2.59541 4.68359
2.59029 7.02487
2.58613 25.1698
2.58955 39.8027
2.59573 44.778
#0 Re-194? merge_os_charge2.root
2.57695 74.4485
2.58084 70.1593
2.58425 70.4657
2.59073 84.5588
2.58802 90.9926
2.57401 88.5417
2.57554 76.5931
2.57695 74.4485
#1 Ta-187 merge_os_charge2.root
2.5481 -20.2206
2.55151 -34.3137
2.55999 -29.4118
2.56258 -18.6887
2.5554 11.6422
2.54574 3.98284
2.54692 -12.2549
2.5481 -20.2206
#2 Ta-191 merge_os_charge2.root
2.60815 18.9951
2.61416 21.7525
2.61675 33.3946
2.61604 53.9216
2.61192 58.8235
2.60639 53.6152
2.60462 39.5221
2.60815 18.9951
#3 Ta-192/Ir-202 Duplicate merge_os_charge2.root
2.61934 27.5735
2.62535 30.3309
2.62794 41.973
2.62723 62.5
2.62311 67.402
2.61757 62.1936
2.61581 48.1005
2.61934 27.5735
#4 Ta-193/Ir-203 Duplicate merge_os_charge2.root
2.63253 39.5221
2.64018 39.5221
2.64171 54.2279
2.64042 74.4485
2.6363 79.3505
2.63076 74.1422
2.629 60.049
2.63253 39.5221
#5 Ta-194/Ir-204 DUplicate??? merge_os_charge2.root
2.64748 50.2451
2.65514 50.2451
2.65667 64.951
2.65537 85.1716
2.65125 90.0735
2.64572 84.8652
2.64395 70.7721
2.64748 50.2451
#6 Hf1 merge_os_charge2.root
2.54516 -79.9632
2.55281 -79.9632
2.55434 -65.2574
2.55305 -45.0368
2.54892 -40.1348
2.54339 -45.3431
2.54162 -59.4363
2.54516 -79.9632
#7 Hf2 merge_os_charge2.root
2.55964 -68.6275
2.56859 -65.2574
2.57036 -47.1814
2.568 -29.1054
2.56388 -24.2034
2.55834 -29.4118
2.55658 -43.5049
2.55964 -68.6275
#0 Hf3 merge_os_charge3.root
2.57601 -54.2279
2.58766 -55.4534
2.58649 -34.0074
2.58248 -17.7696
2.57836 -13.174
2.57247 -18.3824
2.56941 -33.0882
2.57601 -54.2279
#1 Hf4 merge_os_charge3.root
2.59014 -41.3603
2.59979 -36.4583
2.60062 -21.1397
2.59661 -4.90196
2.59249 -0.306373
2.58696 -7.65931
2.58425 -21.1397
2.59014 -41.3603
#2 Hf5 merge_os_charge3.root
2.60109 -31.5564
2.61074 -26.6544
2.61157 -11.3358
2.60757 4.90196
2.60344 9.49755
2.59791 2.14461
2.5952 -11.3358
2.60109 -31.5564
#3 Hf6/Os-199 Duplicate merge_os_charge3.root
2.61275 -17.1569
2.6224 -12.2549
2.61863 1.22549
2.61595 11.9485
2.61352 13.4804
2.61009 12.5613
2.60686 3.06373
2.61275 -17.1569
#4 Hf7/Os-200 Duplicate merge_os_charge3.root
2.62639 -7.96569
2.63496 1.22549
2.63168 23.2843
2.62796 28.799
2.62053 31.5564
2.6151 18.9951
2.61824 1.22549
2.62639 -7.96569
#5 Hf8/Os-201 Duplicate merge_os_charge3.root
2.64139 0.919118
2.64997 10.1103
2.64668 32.1691
2.64297 37.6838
2.63596 37.9902
2.63182 27.5735
2.63325 10.1103
2.64139 0.919118
#6 Hf9/Os-202 Duplicate/?????? merge_os_charge3.root
2.65554 15.625
2.66412 24.8162
2.66083 46.875
2.65711 52.3897
2.65011 52.6961
2.64597 42.2794
2.6474 24.8162
2.65554 15.625
#7 Lu1 merge_os_charge3.root
2.55379 -112.439
2.56236 -103.248
2.55907 -81.1887
2.55536 -75.674
2.54836 -75.3676
2.54421 -85.7843
2.54564 -103.248
2.55379 -112.439
#0 Lu2
2.57079 -100.184
2.5778 -90.9926
2.57608 -68.9338
2.57237 -63.4191
2.56551 -65.5637
2.56122 -73.5294
2.56179 -93.4436
2.57079 -100.184
#1 Lu3
2.5868 -89.7672
2.5938 -80.576
2.59209 -58.5172
2.58837 -53.0025
2.58151 -55.1471
2.57722 -63.1127
2.5778 -83.027
2.5868 -89.7672
#2 Lu4
2.60409 -75.0613
2.6111 -65.8701
2.60938 -43.8113
2.60566 -38.2966
2.5988 -40.4412
2.59452 -48.4069
2.59509 -68.3211
2.60409 -75.0613
#3 Lu5/nothing
2.6161 -65.5637
2.62081 -57.2917
2.61867 -34.9265
2.61767 -28.799
2.61081 -30.9436
2.60781 -37.9902
2.60952 -56.6789
2.6161 -65.5637
#4 Lu6/???
2.62696 -60.6618
2.63453 -47.1814
2.63025 -29.7181
2.62853 -23.8971
2.62167 -26.0417
2.61867 -33.0882
2.62038 -51.777
2.62696 -60.6618
#5 Lu7/Re
2.63825 -46.5686
2.64582 -33.0882
2.64154 -15.625
2.63982 -9.80392
2.63296 -11.9485
2.62996 -18.9951
2.63168 -37.6838
2.63825 -46.5686
#6 Lu8/Re
2.65054 -31.25
2.65811 -17.7696
2.65383 -0.306373
2.65211 5.51471
2.64525 3.3701
2.64225 -3.67647
2.64397 -22.3652
2.65054 -31.25
#7 Lu9/Re
2.66197 -22.0588
2.66955 -8.57843
2.66526 8.8848
2.66355 14.7059
2.65669 12.5613
2.65368 5.51471
2.6554 -13.174
2.66197 -22.0588
   #X4 vs AoQ gate
#0 Yb1/???
2.62982 -100.184
2.63739 -86.7034
2.6331 -69.2402
2.63139 -63.4191
2.62453 -65.5637
2.62153 -72.6103
2.62324 -91.299
2.62982 -100.184
#1 Yb2/???
2.64439 -84.5588
2.65197 -71.0784
2.64768 -53.6152
2.64597 -47.7941
2.63911 -49.9387
2.63611 -56.9853
2.63782 -75.674
2.64439 -84.5588
#2 Yb3/???
2.65854 -71.6912
2.66612 -58.2108
2.66183 -40.7475
2.66012 -34.9265
2.65326 -37.0711
2.65025 -44.1176
2.65197 -62.8064
2.65854 -71.6912
#3 Yb4/???
2.67241 -59.1299
2.67998 -45.6495
2.67569 -28.1863
2.67398 -22.3652
2.66712 -24.5098
2.66412 -31.5564
2.66583 -50.2451
2.67241 -59.1299