#dE vs BRho gates
#1
3.38167 74.1292
3.59342 78.0049
3.62617 78.3988
3.63568 77.1542
3.59762 76.65
3.38765 72.9319
3.38322 73.6093
3.38167 74.1292
#2
3.39428 73.6408
3.58612 76.2719
3.61355 76.9336
3.63634 76.2876
3.60249 75.7992
3.40424 72.9161
3.38787 72.6641
3.39428 73.6408
#3
3.38765 75.4684
3.57948 78.0994
3.60692 78.7611
3.62971 78.1152
3.59585 77.6268
3.3976 74.7437
3.38123 74.4916
3.38765 75.4684
#4
3.57837 77.8946
3.61178 78.6193
3.64519 77.7056
3.6255 73.1525
3.51885 73.2155
3.39296 73.2312
3.38477 76.0041
3.57837 77.8946
#5
3.57837 77.8946
3.61178 78.6193
3.64519 77.7056
3.6255 73.1525
3.51885 73.2155
3.39296 73.2312
3.38477 76.0041
3.57837 77.8946
#6
3.57837 77.8946
3.61178 78.6193
3.64519 77.7056
3.6255 73.1525
3.51885 73.2155
3.39296 73.2312
3.38477 76.0041
3.57837 77.8946
#7
3.57837 77.8946
3.61178 78.6193
3.64519 77.7056
3.6255 73.1525
3.51885 73.2155
3.39296 73.2312
3.38477 76.0041
3.57837 77.8946
#8
3.57837 77.8946
3.61178 78.6193
3.64519 77.7056
3.6255 73.1525
3.51885 73.2155
3.39296 73.2312
3.38477 76.0041
3.57837 77.8946
