#X4 vs AoQ gate
#0 Hf3
2.57601 -54.2279
2.58766 -55.4534
2.58649 -34.0074
2.58248 -17.7696
2.57836 -13.174
2.57247 -18.3824
2.56941 -33.0882
2.57601 -54.2279
#1 Hf4
2.59014 -41.3603
2.59979 -36.4583
2.60062 -21.1397
2.59661 -4.90196
2.59249 -0.306373
2.58696 -7.65931
2.58425 -21.1397
2.59014 -41.3603
#2 Hf5
2.60109 -31.5564
2.61074 -26.6544
2.61157 -11.3358
2.60757 4.90196
2.60344 9.49755
2.59791 2.14461
2.5952 -11.3358
2.60109 -31.5564
#3 Hf6/Os-199 Duplicate
2.61275 -17.1569
2.6224 -12.2549
2.61863 1.22549
2.61595 11.9485
2.61352 13.4804
2.61009 12.5613
2.60686 3.06373
2.61275 -17.1569
#4 Hf7/Os-200 Duplicate
2.62639 -7.96569
2.63496 1.22549
2.63168 23.2843
2.62796 28.799
2.62053 31.5564
2.6151 18.9951
2.61824 1.22549
2.62639 -7.96569
#5 Hf8/Os-201 Duplicate
2.64139 0.919118
2.64997 10.1103
2.64668 32.1691
2.64297 37.6838
2.63596 37.9902
2.63182 27.5735
2.63325 10.1103
2.64139 0.919118
#6 Hf9/Os-202 Duplicate/??????
2.65554 15.625
2.66412 24.8162
2.66083 46.875
2.65711 52.3897
2.65011 52.6961
2.64597 42.2794
2.6474 24.8162
2.65554 15.625
#7 Lu1
2.55379 -112.439
2.56236 -103.248
2.55907 -81.1887
2.55536 -75.674
2.54836 -75.3676
2.54421 -85.7843
2.54564 -103.248
2.55379 -112.439