#dE vs BRho gates
#1
3.47789 76.6626
3.67372 79.6978
3.71264 79.1473
3.68066 78.8051
3.48533 75.755
3.4764 76.6477
3.4765 76.6478
3.47789 76.6626
#2
3.47715 75.6062
3.67372 78.7753
3.69876 78.6712
3.68512 77.8826
3.49227 74.7432
3.47888 75.5764
3.47889 75.5765
3.47715 75.6062
#3
3.53094 75.4276
3.72379 78.567
3.73966 77.9868
3.73247 77.6892
3.53763 74.639
3.52871 75.5318
3.52872 75.5319
3.53094 75.4276
#4
3.56143 79.7573
3.71685 79.8466
3.73941 79.9508
3.75949 78.8051
3.47715 78.7158
3.47814 79.7722
3.47815 79.7723
3.56143 79.7573
#5
3.55746 78.7307
3.71289 78.82
3.73544 78.9241
3.75552 77.7785
3.47318 77.6892
3.47417 78.7456
3.47418 78.7457
3.55746 78.7307
#6
3.5592 77.719
3.71462 77.8082
3.73718 77.9124
3.75726 76.7667
3.47492 76.6774
3.47591 77.7338
3.47592 77.7339
3.5592 77.719
#7
3.55746 76.8262
3.71289 76.9155
3.73544 77.0197
3.75552 75.874
3.47318 75.7847
3.47417 76.8411
3.47418 76.8412
3.55746 76.8262
#8
3.55523 76.0228
3.71066 76.112
3.73321 76.2162
3.75329 75.0705
3.47095 74.9813
3.47194 76.0377
3.47195 76.0378
3.55523 76.0228
