#X4 vs AoQ gate
#0 Ir-203 Test
2.63519 -20.3947
2.63009 -11.8421
2.62732 14.4737
2.63072 24.0132
2.63796 23.6842
2.63966 -12.8289
2.63518 -20.3946
2.63519 -20.3947
#1 Au2
2.60673 46.3816
2.59983 54.2763
2.59739 86.1842
2.6028 91.4474
2.60741 92.1053
2.6139 76.9737
2.61241 54.2763
2.60673 46.3816
#2 Pt1
2.58589 -24.0132
2.58061 -12.1711
2.58034 16.1184
2.58088 27.9605
2.58711 31.25
2.59306 6.57895
2.59157 -16.1184
2.58589 -24.0132
#3 Pt2
2.59942 -13.8158
2.59414 -1.97368
2.59265 23.6842
2.59293 29.2763
2.60064 41.4474
2.60659 16.7763
2.60511 -5.92105
2.59942 -13.8158
#4 Pt3
2.6135 0.657895
2.60822 12.5
2.60673 38.1579
2.607 43.75
2.61471 55.9211
2.62067 31.25
2.61918 8.55263
2.6135 0.657895
#5 Ir1
2.5955 -66.4474
2.59022 -54.6053
2.58873 -28.9474
2.589 -23.3553
2.59671 -11.1842
2.60267 -35.8553
2.60118 -58.5526
2.5955 -66.4474
#6 Ir2
2.6093 -53.6184
2.60402 -41.7763
2.60253 -16.1184
2.6028 -10.5263
2.61052 1.64474
2.61647 -23.0263
2.61498 -45.7237
2.6093 -53.6184
#7 Ir3
2.62162 -34.5395
2.61634 -22.6974
2.61539 0.657895
2.61904 6.57895
2.62229 11.1842
2.62879 -3.94737
2.6273 -26.6447
2.62162 -34.5395
