#X4 vs AoQ gate
#0 Pt-204
2.60787 54.8407
2.6023 70.7721
2.60028 85.7843
2.60609 97.4265
2.61377 94.3627
2.61764 68.6275
2.61183 56.6789
2.60787 54.8407
#1 Ir-201
2.601 6.12745
2.59543 22.0588
2.59341 37.0711
2.59923 48.7132
2.6069 45.6495
2.61078 19.9142
2.60496 7.96569
2.601 6.12745
#2 Ir-202
2.61635 18.3824
2.61078 34.3137
2.60876 49.326
2.61457 60.9681
2.62225 57.9044
2.62612 32.1691
2.62031 20.2206
2.61635 18.3824
#3 Ir-203
2.63145 31.5564
2.62588 47.4877
2.62386 62.5
2.62968 74.1422
2.63735 71.0784
2.64123 45.3431
2.63541 33.3946
2.63145 31.5564
#4 Os-199
2.59794 -43.8113
2.59236 -27.8799
2.59034 -12.8676
2.59616 -1.22549
2.60383 -4.28922
2.60771 -30.0245
2.60189 -41.973
2.59794 -43.8113
#5 Os-200
2.61191 -33.3946
2.60633 -17.4632
2.60432 -2.45098
2.61013 9.19118
2.6178 6.12745
2.62168 -19.6078
2.61587 -31.5564
2.61191 -33.3946
#6 Os-201
2.65124 5.51471
2.64858 12.2549
2.64766 37.3775
2.65216 54.2279
2.65863 49.6324
2.65898 14.7059
2.65471 4.28922
2.65124 5.51471
#7 Os-202
2.66498 18.3824
2.66233 25.1225
2.6614 50.2451
2.66591 67.0956
2.67237 62.5
2.67272 27.5735
2.66845 17.1569
2.66498 18.3824
