#Z vs AoQ gate
#204Pt
2.60889 77.13
2.60307 77.3331
2.60176 77.6838
2.60671 78.1084
2.61341 77.8684
2.61312 77.2593
2.60918 77.167
2.60889 77.13
#201Ir
2.60081 76.4531
2.59772 76.5748
2.59656 77.0964
2.60133 77.3572
2.60816 77.1312
2.60893 76.5748
2.60378 76.4183
2.60081 76.4531 
#202Ir
2.61331 76.4357
2.61022 76.5574
2.60906 77.079
2.61383 77.3398
2.62066 77.1138
2.62143 76.5574
2.61628 76.4009
2.61331 76.4357
#203Ir
2.62865 76.4183
2.62556 76.54
2.6244 77.0616
2.62916 77.3224
2.63599 77.0964
2.63677 76.54
2.63161 76.3835
2.62865 76.4183
#198Os
2.59772 75.5837
2.59463 75.7055
2.59347 76.2271
2.59824 76.4879
2.60507 76.2618
2.60584 75.7055
2.60068 75.549
2.59772 75.5837
#199Os
2.61061 75.5664
2.60597 75.6359
2.60494 76.1923
2.61112 76.4705
2.61795 76.2444
2.61873 75.6881
2.61357 75.5316
2.61061 75.5664 
#200Os
2.62298 75.5837
2.61937 75.7402
2.61911 76.2618
2.62388 76.4183
2.63058 76.2097
2.62981 75.6533
2.62594 75.549
2.62298 75.5837
#201Os
2.63393 75.5142
2.63032 75.6707
2.63007 76.1923
2.63484 76.3488
2.64154 76.1401
2.64076 75.5837
2.6369 75.4794
2.63393 75.5142
