#WR Start,WR Stop,Z1 Shift,Z2 Shift
27538690 27538739 -0.6203 -0.8612
27538739 27538788 -0.6550 -0.7381
27538788 27538837 -0.7133 -0.7802
27538837 27538886 -0.7275 -0.8106
27538886 27538935 -0.7275 -0.8106
27538935 27538984 -0.7275 -0.8106
27538984 27539033 -0.7275 -0.8106
27539033 27539082 -0.7800 -0.9379
27539082 27539131 -0.8172 -0.8601
27539131 27539180 -0.8253 -0.9314
27539180 27539229 -0.7910 -0.8685
27539229 27539278 -0.7728 -0.8396
27539278 27539327 -0.6959 -0.8064
27539327 27539376 -0.6418 -0.7958
27539376 27539425 -0.6119 -0.7225
27539425 27539474 -0.6119 -0.7200
27539474 27539523 -0.5863 -0.6883
27539523 27539572 -0.5690 -0.6289
27539572 27539621 -0.5477 -0.6553
27539621 27539670 -0.5521 -0.6895
27539670 27539719 -0.5532 -0.6732
27539719 27539768 -0.5532 -0.6732
27539768 27539817 -0.5931 -0.7355
27539817 27539866 -0.6629 -0.8000
27539866 27539915 -0.6817 -0.7734
27539915 27539964 -0.7169 -0.7974
27539964 27540013 -0.7211 -0.8500
27540013 27540062 -0.7868 -0.7891
27540062 27540111 -0.7399 -0.8217
27540111 27540160 -0.8123 -0.8812
27540160 27540209 -0.8002 -0.8508
27540209 27540258 -0.8275 -0.9055
27540258 27540307 -0.8692 -0.9347
27540307 27540356 -0.9162 -0.9416
27540356 27540405 -0.8971 -0.9430
27540405 27540454 -0.9073 -0.9664
27540454 27540503 -0.9096 -1.0092
27540601 27540650 -0.8354 -0.8503
27540650 27540699 -0.9813 -1.0007
27540699 27540748 -0.9140 -0.9787
27540748 27540797 -0.9089 -0.9865
27540797 27540846 -0.8843 -0.9903
27540846 27540895 -0.7617 -0.9207
27540895 27540944 -4.4831 -4.7294
27540944 27540993 -0.7862 -0.9044
27540993 27541042 -0.7944 -0.9247
27541042 27541091 -0.8026 -0.9038
27541091 27541140 -0.8026 -0.9038
27541140 27541189 -0.8189 -0.9473
27541189 27541238 -0.8598 -0.9421
27541238 27541287 -0.8598 -0.9921
27541287 27541336 -0.8925 -1.0194
27541336 27541385 -0.9334 -1.0002
27541385 27541434 -0.9498 -0.9824
27541434 27541483 -0.9906 -1.0708
27541483 27541532 -0.9579 -1.0984
27541532 27541581 -0.9988 -1.0895
27541581 27541630 -0.9825 -1.0411
27541630 27541679 -1.0479 -1.0462
27541679 27541728 -1.0561 -1.1184
27541728 27541777 -1.0152 -1.1546
27541777 27541826 -1.0969 -1.1302
27541826 27541875 -1.0969 -1.1591
27541875 27541924 -1.0806 -1.1017
27541924 27541973 -1.0233 -1.1281
27541973 27542022 -1.0397 -1.1370
27542022 27542071 -0.9661 -1.0571
27542071 27542120 -0.9171 -0.9645
27542120 27542169 -0.8762 -0.9582
27542169 27542218 -0.7944 -0.8798
27542218 27542267 -0.7699 -0.8528
27542267 27542316 -0.7780 -0.8542
27542316 27542365 -0.7372 -0.7920
27542365 27542414 -0.7126 -0.7666
27542414 27542463 -0.6963 -0.7807
27542463 27542512 -0.6636 -0.7402
27542512 27542561 -0.6717 -0.7772
27542561 27542610 -0.7290 -0.7785
27542610 27542659 -0.7208 -0.8280
27542659 27542708 -0.7780 -0.7939
27542708 27542757 -0.8189 -0.8829
27542757 27542806 -0.8189 -0.8647
27542806 27542855 -0.8271 -0.8884
27542855 27542904 -0.8762 -0.9569
27542904 27542953 -0.8516 -0.8834
27542953 27543002 -0.8843 -0.9209
27543002 27543051 -0.9007 -0.9395
27543051 27543100 -0.9334 -0.9292
27543100 27543149 -0.9252 -0.9567
27543149 27543198 -0.9743 -0.9348
27543198 27543247 -0.9171 -0.9338
27543247 27543296 -0.9579 -1.0007
27543296 27543345 -0.9498 -0.9378
27543345 27543394 -0.9007 -0.9418
27543394 27543443 -0.8516 -0.9348
27543443 27543492 -0.8189 -0.8772
27543492 27543541 -0.8108 -0.8553
27543541 27543590 -0.7126 -0.8197
27543590 27543639 -0.7126 -0.7833
27543639 27543688 -0.7126 -0.6646
27543688 27543737 -0.6963 -0.7146
27543737 27543786 -0.6063 -0.6248
27543786 27543835 -0.5573 -0.6287
27543835 27543884 -0.5246 -0.5700
27543884 27543933 -0.4919 -0.5357
27543933 27543982 -0.4510 -0.5946
27543982 27544031 -0.4428 -0.5468
27544031 27544080 -0.4837 -0.5556
27544080 27544129 -0.5327 -0.5679
27544129 27544178 -0.5082 -0.6251
27544178 27544227 -0.4755 -0.6354
27544227 27544276 -0.5654 -0.6663
27544276 27544325 -0.6145 -0.6696
27544325 27544374 -0.6145 -0.7098
27544374 27544423 -0.6717 -0.6970
27544423 27544472 -0.6227 -0.7195
27544472 27544521 -0.6590 -0.7230
27544521 27544570 -0.6672 -0.7391
27544570 27544619 -0.6835 -0.7405
27544619 27544668 -0.7244 -0.7919
27544668 27544717 -0.7407 -0.7598
27544717 27544766 -0.7652 -0.7594
27544766 27544815 -0.7407 -0.7606
27544815 27544864 -0.7407 -0.7606
27544864 27544913 -0.6917 -0.7868
27544913 27544962 -0.6999 -0.8154
27544962 27545011 -0.6672 -0.7277
27545011 27545060 -0.5855 -0.7054
27545060 27545109 -0.4793 -0.6367
27545109 27545158 -0.4629 -0.6712
27545158 27545207 -0.5446 -0.6979
27545207 27545256 -0.5283 -0.6124
27545256 27545305 -0.5201 -0.6443
27545305 27545354 -0.5201 -0.6862
27545354 27545403 -0.5654 -0.6857
27545403 27545452 -0.6309 -0.7394
27545452 27545501 -0.6636 -0.7949
27545501 27545550 -0.7126 -0.8014
27545550 27545599 -0.6799 -0.8309
27545599 27545648 -0.7617 -0.8382
27545648 27545697 -0.7699 -0.8692
27545697 27545746 -0.7862 -0.8708
27545746 27545795 -0.8189 -0.9153
27545795 27545844 -0.8271 -0.9172
27545844 27545893 -0.8762 -0.9540
27545893 27545942 -0.8925 -0.9559
27545942 27545991 -0.9252 -0.9823
27545991 27546040 -0.9171 -0.9960
27546040 27546089 -0.9661 -1.0059
27546089 27546138 -1.5171 -1.6432

