#Det 0
1      6.274767E-15      9.425886E-04      7.719554E-02
2      2.735473E-14      9.294758E-04      1.635179E-01
3      -6.379671E-14      6.697027E-04      -5.453020E-02
4      -1.555390E-15      1.239519E-03      8.247170E-02
5      -8.403797E-15      9.615159E-04      7.878499E-02
6      4.642795E-14      9.294176E-04      1.408168E-01
7      7.863469E-14      8.526601E-04      4.196186E-01
#Det 1
8      1.983367E-12      1.759804E-03      3.177151E-01
9      5.013611E-13      8.380969E-04      2.863305E-01
10      -6.035208E-17      1.718221E-03      9.618797E-02
11		-6.180638E-13      2.687133E-03      -3.069392E-01
12      -1.046700E-13      1.335391E-03      1.390078E-01
13      4.773003E-13      9.274492E-04      2.022040E-01
14      1.443989E-12      1.555718E-03      3.883947E-01
#Det 2
15		5.241792E-13      2.272853E-03      -1.570646E-01
16      -1.003816E-13      1.667226E-03      3.724513E-02
17      -2.257580E-13      2.360631E-03      9.963832E-03
18      0.000000E+00      0.000000E+00      0.000000E+00
19      0.000000E+00      0.000000E+00      0.000000E+00
20      0.000000E+00      0.000000E+00      0.000000E+00
21      0.000000E+00      0.000000E+00      0.000000E+00
#Det 3
22      0.000000E+00      0.000000E+00      0.000000E+00
23      0.000000E+00      0.000000E+00      0.000000E+00
24      0.000000E+00      0.000000E+00      0.000000E+00
25      0.000000E+00      0.000000E+00      0.000000E+00
26      0.000000E+00      0.000000E+00      0.000000E+00
27      0.000000E+00      0.000000E+00      0.000000E+00
28      0.000000E+00      0.000000E+00      0.000000E+00
#Det 4
29      0.000000E+00      0.000000E+00      0.000000E+00
30      0.000000E+00      0.000000E+00      0.000000E+00
31      -2.695275E-13      1.717208E-03      0.276274E-01
32      0.000000E+00      0.000000E+00      0.000000E+00
33      0.000000E+00      0.000000E+00      0.000000E+00
34      0.000000E+00      0.000000E+00      0.000000E+00
35      0.000000E+00      0.000000E+00      0.000000E+00
#Det 5
36      -7.505382E-13      2.318841E-03      -1.644397E-02
37      0.000000E+00      0.000000E+00      0.000000E+00
38      0.000000E+00      0.000000E+00      0.000000E+00
39      0.000000E+00      0.000000E+00      0.000000E+00
40      0.000000E+00      0.000000E+00      0.000000E+00
41      0.000000E+00      0.000000E+00      0.000000E+00
42      0.000000E+00      0.000000E+00      0.000000E+00
#Det 6
43      6.270374E-13      1.681275E-03      2.099440E-01
44      -3.983504E-14      1.672966E-03      -1.064786E-01
45      3.919881E-12      1.757565E-03      4.013479E-01
46      0.000000E+00      0.000000E+00      0.000000E+00
47      0.000000E+00      0.000000E+00      0.000000E+00
48      0.000000E+00      0.000000E+00      0.000000E+00
49      0.000000E+00      0.000000E+00      0.000000E+00
#Det 7
50      1.601978E-13      1.543747E-03      1.040597E-01
51      -8.411497E-15      1.782730E-03      8.030100E-02
52      2.910124E-12      1.829995E-03      3.936819E-01
53      0.000000E+00      0.000000E+00      0.000000E+00
54      0.000000E+00      0.000000E+00      0.000000E+00
55      0.000000E+00      0.000000E+00      0.000000E+00
56      0.000000E+00      0.000000E+00      0.000000E+00
#Det 8
57      0.000000E+00      0.000000E+00      0.000000E+00
58      0.000000E+00      0.000000E+00      0.000000E+00
59      0.000000E+00      0.000000E+00      0.000000E+00
60      0.000000E+00      0.000000E+00      0.000000E+00
61      0.000000E+00      0.000000E+00      0.000000E+00
62      0.000000E+00      0.000000E+00      0.000000E+00
63      0.000000E+00      0.000000E+00      0.000000E+00
#Det 9
64      -2.958780E-13      2.377352E-03      4.894978E-01
65      0.000000E+00      0.000000E+00      0.000000E+00
66      9.125008E-13      1.895468E-03      -1.202766E-02
67      0.000000E+00      0.000000E+00      0.000000E+00
68      0.000000E+00      0.000000E+00      0.000000E+00
69      0.000000E+00      0.000000E+00      0.000000E+00
70      0.000000E+00      0.000000E+00      0.000000E+00
