#Det 0
1      6.274767E-15      9.425886E-04      7.719554E-02
2      2.735473E-14      9.294758E-04      1.635179E-01
3      -6.379671E-14      6.697027E-04      -5.453020E-02
4      -1.555390E-15      1.239519E-03      8.247170E-02
5      -8.403797E-15      9.615159E-04      7.878499E-02
6      4.642795E-14      9.294176E-04      1.408168E-01
7      4.876706E-13      8.518460E-04      6.312643E-01
#Det 1
8      1.983367E-12      1.759804E-03      3.177151E-01
9      5.013611E-13      8.380969E-04      2.863305E-01
10      -6.035208E-17      1.718221E-03      9.618797E-02
11		-6.180638E-13      2.687133E-03      -3.069392E-01
12      6.553371E-15      1.547960E-03      2.677546E-01
13      4.773003E-13      9.274492E-04      2.022040E-01
14      1.443989E-12      1.555718E-03      3.883947E-01
#Det 2
15		1.967984E-12      2.260756E-03      9.144811E-01
16      6.449364E-13      1.660018E-03      1.086179E-01
17      2.505177E-13      2.349724E-03      7.621613e-01
18      0.000000E+00      0.000000E+00      0.000000E+00
19      0.000000E+00      0.000000E+00      0.000000E+00
20      0.000000E+00      0.000000E+00      0.000000E+00
21      0.000000E+00      0.000000E+00      0.000000E+00
#Det 3
22      0.000000E+00      0.000000E+00      0.000000E+00
23      0.000000E+00      0.000000E+00      0.000000E+00
24      0.000000E+00      0.000000E+00      0.000000E+00
25      0.000000E+00      0.000000E+00      0.000000E+00
26      0.000000E+00      0.000000E+00      0.000000E+00
27      0.000000E+00      0.000000E+00      0.000000E+00
28      0.000000E+00      0.000000E+00      0.000000E+00
#Det 4
29      0.000000E+00      0.000000E+00      0.000000E+00
30      0.000000E+00      0.000000E+00      0.000000E+00
31      6.398329E-13      1.714054E-03      1.339764E+00
32      0.000000E+00      0.000000E+00      0.000000E+00
33      0.000000E+00      0.000000E+00      0.000000E+00
34      0.000000E+00      0.000000E+00      0.000000E+00
35      0.000000E+00      0.000000E+00      0.000000E+00
#Det 5
36      9.086465E-13      2.309449E-03      6.907289E-01
37      0.000000E+00      0.000000E+00      0.000000E+00
38      0.000000E+00      0.000000E+00      0.000000E+00
39      0.000000E+00      0.000000E+00      0.000000E+00
40      0.000000E+00      0.000000E+00      0.000000E+00
41      0.000000E+00      0.000000E+00      0.000000E+00
42      0.000000E+00      0.000000E+00      0.000000E+00
#Det 6
43      5.827907E-13      1.676788E-03      1.471107E+00
44      6.762186E-13      1.668069E-03      6.886173E-01
45      -4.148003E-13      1.798819E-03      1.397948E-01
46      0.000000E+00      0.000000E+00      0.000000E+00
47      0.000000E+00      0.000000E+00      0.000000E+00
48      0.000000E+00      0.000000E+00      0.000000E+00
49      0.000000E+00      0.000000E+00      0.000000E+00
#Det 7
50      1.601978E-13      1.543747E-03      1.040597E-01
51      -8.411497E-15      1.782730E-03      8.030100E-02
52      2.910124E-12      1.829995E-03      3.936819E-01
53      0.000000E+00      0.000000E+00      0.000000E+00
54      0.000000E+00      0.000000E+00      0.000000E+00
55      0.000000E+00      0.000000E+00      0.000000E+00
56      0.000000E+00      0.000000E+00      0.000000E+00
#Det 8
57      0.000000E+00      0.000000E+00      0.000000E+00
58      0.000000E+00      0.000000E+00      0.000000E+00
59      0.000000E+00      0.000000E+00      0.000000E+00
60      0.000000E+00      0.000000E+00      0.000000E+00
61      0.000000E+00      0.000000E+00      0.000000E+00
62      0.000000E+00      0.000000E+00      0.000000E+00
63      0.000000E+00      0.000000E+00      0.000000E+00
#Det 9
64      1.057688E-12      2.376165E-03      1.327639E+00
65      0.000000E+00      0.000000E+00      0.000000E+00
66      9.741634E-13      1.894345E-03      1.107161E+00
67      0.000000E+00      0.000000E+00      0.000000E+00
68      0.000000E+00      0.000000E+00      0.000000E+00
69      0.000000E+00      0.000000E+00      0.000000E+00
70      0.000000E+00      0.000000E+00      0.000000E+00
